Point(100000001) = {-0.500000, -0.100000, 0.000000, 0.010000};
Point(100000002) = {-0.250000, -0.100000, 0.000000, 0.010000};
Point(100000003) = {0.250000, -0.100000, 0.000000, 0.010000};
Point(100000004) = {0.500000, -0.100000, 0.000000, 0.010000};
Point(100000005) = {0.500000, 0.100000, 0.000000, 0.010000};
Point(100000006) = {0.250000, 0.100000, 0.000000, 0.010000};
Point(100000007) = {-0.250000, 0.100000, 0.000000, 0.010000};
Point(100000008) = {-0.500000, 0.100000, 0.000000, 0.010000};
Line(100000001) = {100000001, 100000002};
Line(100000002) = {100000002, 100000003};
Line(100000003) = {100000003, 100000004};
Line(100000004) = {100000004, 100000005};
Line(100000005) = {100000005, 100000006};
Line(100000006) = {100000006, 100000007};
Line(100000007) = {100000007, 100000008};
Line(100000008) = {100000008, 100000001};
Line(100000009) = {100000007, 100000002};
Line(100000010) = {100000006, 100000003};
Line Loop(100000011) = {100000001, -100000009, 100000007, 100000008};
Line Loop(100000012) = {100000002, -100000010, 100000006, 100000009};
Line Loop(100000013) = {100000003, 100000004, 100000005, 100000010};
Plane Surface(11) = {100000011};
Plane Surface(12) = {100000012};
Plane Surface(13) = {100000013};
